1 25544U 98067A   24022.87893601  .00024790  00000-0  44442-3 0  9995
2 25544  51.6428 320.3213 0004960 119.4797 344.6223 15.49770630435861
1 25544U 98067A   24022.67711117  .00024600  00000-0  44125-3 0  9992
2 25544  51.6436 321.3220 0004878 117.8594 299.4871 15.49761122435833
1 25544U 98067A   24022.37051078  .00025408  00000-0  45565-3 0  9998
2 25544  51.6435 322.8411 0004875 117.1497  28.5107 15.49747298435787
0 ISS (ZARYA)
1 25544U 98067A   24022.37051078  .00024539  00000-0  44042-3 0  9991
2 25544  51.6431 322.8396 0005033 117.7562  27.8997 15.49743990435785
1 25544U 98067A   24022.24140652  .00024460  00000-0  43914-3 0  9994
2 25544  51.6428 323.4802 0005134 117.8798  27.0182 15.49737190435765
1 25544U 98067A   24022.21547817  .00021802  00000-0  39246-3 0  9995
2 25544  51.6402 323.6135 0004839 117.3161 242.8321 15.49735823435761
